n = [0:807];
x = [ 88 88 88 88 88 88 89 87 89 88 166 165 166 165 166 165 166 166 165 89 88 89 89 88 89 89 88 89 166 165 165 165 165 165 166 165 166 89 88 89 88 89 87 89 88 88 166 166 164 166 165 165 165 165 165 89 88 88 88 88 88 89 88 89 166 165 166 164 166 164 166 164 166 88 88 88 89 88 88 88 89 88 165 165 165 165 165 165 164 166 164 89 87 88 88 88 88 88 87 89 165 166 165 165 166 164 166 165 165 166 88 88 89 87 89 89 87 89 87 166 165 165 166 165 165 165 165 166 87 89 87 89 88 88 89 88 89 164 166 165 165 165 166 166 164 166 88 88 88 88 88 88 88 88 88 165 165 166 164 166 164 166 164 166 89 88 88 88 88 87 89 87 88 165 165 165 165 165 165 165 166 164 89 87 89 88 88 89 87 89 87 166 165 164 166 164 166 164 166 164 89 88 88 88 88 88 88 88 88 88 166 164 166 164 166 166 165 165 165 88 88 88 88 88 88 88 88 87 166 164 166 165 165 166 166 164 166 87 89 89 89 88 89 88 89 88 166 166 164 166 165 165 165 165 164 89 87 89 87 89 88 89 89 88 166 165 166 166 164 166 164 166 165 88 89 88 89 89 88 89 87 89 164 166 165 165 165 166 164 166 165 88 89 87 89 89 88 89 88 89 165 165 165 165 165 165 165 165 165 165 88 88 88 88 88 89 87 89 88 166 165 166 165 166 165 166 164 165 88 88 88 89 88 89 87 88 88 165 165 165 165 165 165 166 165 166 87 89 89 88 89 88 88 89 88 165 165 166 164 166 165 165 166 164 89 89 87 89 87 89 88 88 88 164 166 165 166 165 166 165 165 165 89 88 88 88 87 89 87 89 87 166 165 165 165 164 166 166 165 166 88 89 88 89 88 89 89 87 89 87 166 165 165 165 165 165 166 166 164 89 87 89 87 89 89 87 89 88 165 165 166 164 166 165 165 165 165 88 89 88 89 87 89 88 89 87 166 164 165 165 165 166 165 165 165 88 88 88 89 87 89 88 88 89 164 166 164 166 165 165 165 166 164 89 87 89 88 89 89 88 88 89 165 165 165 165 166 164 166 165 165 88 88 88 88 87 89 87 88 88 165 166 165 166 166 166 166 166 165 165 89 87 89 87 88 88 88 89 88 166 165 166 166 166 165 166 166 164 89 87 89 87 89 88 88 88 88 165 166 164 166 165 165 165 166 164 89 87 89 88 89 88 89 88 89 165 166 165 166 166 165 166 165 166 89 89 89 89 88 89 88 88 88 165 165 166 165 166 166 166 166 165 88 88 89 87 89 87 89 87 89 165 165 165 165 165 165 165 165 164 89 87 89 89 87 89 88 88 88 88 165 166 165 165 165 166 164 166 165 89 87 88 88 88 88 88 87 89 165 165 166 166 164 166 164 166 165 88 89 87 89 87 89 87 89 87 166 164 166 165 165 165 165 166 165 88 88 88 87 89 87 89 88 88 166 165 166 165 165 165 165 165 166 88 89 88 89 88 89 88 89 88 166 165 166 165 166 165 166 164 166 88 88 88 88 88 88 88 89 87 166 165 166 165 165 165 166 165 166 165 89 88 89 89 87 89 87 89 88 165 166 164 166 165 165 165 165 165 89 87 89 87 89 87 89 88 89 165 164 166 165 166 166 165 166 166 87 89 87 89 87 89 89 88 89 165 165 165 166 165 165 166 164 166 88 88 89 88 89 87 89 87 89 164 166 166 165 166 164 166 165 166 88 88 88 88 88 87 89 87 89 165 165 166 165 166 164 166 165 165 89 87 89 89 88 89 89 88 ];
inversoX = [ 114 117 113 116 112 120 119 123 120 126 142 144 144 146 142 143 141 144 145 116 110 106 105 107 106 108 105 114 144 144 148 146 145 147 148 149 148 118 111 107 108 108 106 105 106 118 146 148 147 145 145 147 149 149 144 115 105 106 107 106 105 107 107 120 149 148 149 146 147 148 146 146 142 111 110 105 108 107 107 109 110 122 148 141 148 144 146 145 146 147 142 116 112 107 111 108 110 107 108 115 139 150 150 145 150 149 152 153 154 145 112 109 113 109 108 106 105 102 114 151 145 142 143 143 144 144 147 152 110 106 108 108 109 109 110 108 114 154 149 146 147 146 145 146 147 151 113 104 109 106 106 106 107 105 111 151 149 144 146 146 146 144 148 153 114 107 109 107 107 107 112 109 113 152 145 146 148 146 145 142 145 148 110 111 109 105 106 108 110 107 113 148 143 145 146 145 144 143 147 148 125 106 106 104 104 104 103 102 102 125 148 145 144 144 145 146 147 150 150 111 109 108 109 108 108 109 108 113 151 146 147 146 145 145 145 144 151 112 108 107 107 108 108 108 110 113 150 146 145 145 145 145 145 144 150 114 106 108 108 107 106 110 110 112 151 147 146 147 146 148 145 143 151 112 110 108 105 106 105 109 110 113 152 142 145 147 145 146 145 145 148 114 110 109 107 110 109 110 110 113 144 150 150 149 147 149 149 151 152 142 111 109 108 110 106 106 106 106 116 149 146 146 144 147 147 147 145 153 113 109 107 109 106 106 107 110 112 149 145 146 143 145 145 146 144 149 113 108 108 110 108 108 108 109 113 150 147 146 143 145 146 146 145 150 114 107 107 108 106 106 107 110 112 151 145 147 146 146 147 147 145 151 113 109 108 107 107 108 107 108 112 150 147 147 145 144 144 144 146 148 125 104 104 104 105 105 104 103 103 125 148 146 144 143 145 145 147 147 150 111 108 108 108 107 107 108 109 112 151 145 147 147 147 146 147 145 151 112 110 108 106 106 108 107 107 114 151 144 145 146 145 143 146 147 150 113 109 108 108 108 110 108 108 113 149 144 146 145 145 143 146 145 149 113 110 107 106 106 109 106 110 114 152 145 147 148 147 144 147 146 149 116 106 107 105 106 110 108 109 112 143 152 151 150 150 147 149 151 150 144 112 110 110 109 110 107 109 110 114 149 146 145 146 145 147 146 142 153 113 110 108 105 106 105 108 110 111 151 143 145 148 146 147 146 146 151 112 110 110 106 107 108 108 106 114 150 145 145 146 145 145 145 147 150 113 110 108 108 108 107 107 108 112 150 144 145 145 145 145 148 146 151 113 108 109 108 108 109 107 109 112 150 150 147 146 145 144 144 145 147 124 102 102 103 104 104 104 106 106 125 148 147 144 144 145 146 145 143 148 113 108 109 108 106 105 109 111 110 148 145 143 146 146 148 146 144 152 114 109 111 107 107 106 109 107 114 153 147 144 146 146 146 144 149 151 112 105 107 106 106 106 109 104 113 151 148 146 145 145 147 146 149 154 115 108 110 110 109 108 108 107 110 152 148 144 144 143 143 142 145 151 114 101 106 106 108 109 113 109 112 146 155 152 152 149 150 145 150 151 139 114 109 108 110 108 111 107 111 117 142 146 146 145 146 144 148 142 148 122 110 109 107 107 108 105 110 111 142 146 146 148 147 146 148 148 149 120 107 106 104 106 107 106 105 114 145 150 149 148 146 145 146 148 147 118 106 104 106 108 108 107 110 117 148 150 148 147 145 146 147 144 145 114 104 107 106 107 105 106 110 115 146 146 141 143 143 146 143 144 144 126 118 123 119 120 112 116 112 ];
